logFC	AveExpr	t	P.Value	adj.P.Val	B
CD44	-0.590097844586665	5.88528547788536	-7.75453356202636	2.28138375076245e-13	2.4214017995663e-09	19.6556437741133
HSPB8	-0.572895497664466	7.47041906078312	-7.64819522497556	4.46670687984929e-13	2.4214017995663e-09	19.0231272481792
ITPKB	-0.41225889468117	7.10871339265546	-6.99864118698052	2.39404530228538e-11	8.65207972245937e-08	15.2777983860331
DTNA	-0.428083589889584	7.28095647742299	-6.89559805477589	4.41179906427877e-11	1.19581813637276e-07	14.7033535942293
TGFBR3	-0.480720073367842	6.49017125768221	-6.81659419784006	7.02185928504835e-11	1.52261996736989e-07	14.2667601505447
AEBP1	-0.586307169098935	7.08617794142959	-6.24665204616839	1.80618450917634e-09	3.19712985600459e-06	11.2200934227502
YAP1	-0.368528875446354	6.01428829567698	-6.22247550141286	2.06418640398747e-09	3.19712985600459e-06	11.0950037485741
AHNAK	-0.316614624140589	6.26810204800979	-6.14499875718016	3.15888903072659e-09	4.2810843588922e-06	10.6964941381002
GNG3	0.448156353925023	7.63352179811722	6.12239004086723	3.57401592750759e-09	4.30549785400414e-06	10.5808850579727
SLC25A44	0.207778127618636	7.05432237147391	6.0883214703966	4.3022959413554e-09	4.480923184137e-06	10.4072615676952
EMP1	-0.455792129134013	6.06736056692045	-6.07816536209534	4.54622348510487e-09	4.480923184137e-06	10.3556396400406
FABP3	0.412008927966479	6.0755688333452	6.04071407959344	5.56839105431491e-09	4.65134592518198e-06	10.1658250426968
SORBS1	-0.225705480940964	6.46598961510152	-6.04042309583164	5.57715338750837e-09	4.65134592518198e-06	10.1643536095366
PALLD	-0.363700798432874	6.75469287679313	-5.99349720446196	7.18183072460952e-09	5.56181490830117e-06	9.92774208137715
PLSCR4	-0.418059658377271	7.32848463024358	-5.85509013452836	1.5019372075529e-08	1.08560021361923e-05	9.23781928194404
ECM2	-0.476660598208627	5.21291775273074	-5.74132627921363	2.72928325500986e-08	1.84943056567606e-05	8.67976847948057
NDRG3	0.311429142776999	7.22425180676117	5.6971673650013	3.43367590199165e-08	2.18987730172903e-05	8.46538096227163
CD99	-0.406755214923899	7.21218058451846	-5.66466891174961	4.06245571559193e-08	2.44695249269154e-05	8.3084067535805
HMGCR	0.354055851763187	7.13391208667743	5.65047223849294	4.37116139148603e-08	2.49432272665745e-05	8.24004845039404
ANGPT1	-0.472957082609975	5.36952321199307	-5.62733487345181	4.92395537803035e-08	2.66927621043025e-05	8.12892036422727
ATP6V1G2	0.480130033793688	7.58764816240465	5.60425313515928	5.5431274474781e-08	2.86183751359798e-05	8.01840682542836
MMP20	-0.331731543877268	3.75955735302593	-5.58355561849038	6.16243638906893e-08	2.91870973763748e-05	7.91960471861594
SSPN	-0.327941382716753	5.91416770328621	-5.58262878773057	6.19169193558957e-08	2.91870973763748e-05	7.91518693947791
ARHGEF9	0.369221403434178	6.54838103837803	5.56616221503463	6.73460388220594e-08	3.04235730378653e-05	7.83679221351344
ZFP36L1	-0.321072942158134	6.36428001091994	-5.53065957047244	8.06766943611451e-08	3.49878688105414e-05	7.66837622193412
RTF1	0.215757756438913	5.94560771472947	5.50512545796309	9.18196736165964e-08	3.82888038981207e-05	7.54776262893234
DLG2	0.271153903300516	6.78619042013251	5.48747891333359	1.00382161160756e-07	3.99839563340681e-05	7.46465920532942
TPI1	0.200076388429231	7.70289999534958	5.48187481436551	1.03260540246625e-07	3.99839563340681e-05	7.43831087724974
PFKFB3	-0.296072893553651	8.30140169918892	-5.46653695128867	1.11555500673789e-07	4.17063702863868e-05	7.36630487151948
RAP1GDS1	0.309844825279383	6.37436982048572	5.45462292275204	1.18443053590023e-07	4.28053195674342e-05	7.31048066500907
ENO2	0.369281202232859	8.62016280129266	5.36511259455048	1.85208539884112e-07	6.14885216059893e-05	6.89411005911858
GABRG2	0.473751669800295	6.61423510740582	5.36476870546685	1.85524975248101e-07	6.14885216059893e-05	6.89252079441875
MOAP1	0.333955691371631	7.92373159173359	5.36222125760215	1.87885481081939e-07	6.14885216059893e-05	6.8807503886483
BCAT1	0.256467549089333	5.47109987691872	5.3569896546066	1.92825100037229e-07	6.14885216059893e-05	6.8565916662663
SYN2	0.469142438449312	6.62454002192215	5.33455924497723	2.15473294417557e-07	6.67474702307187e-05	6.75322132804104
SMAD9	-0.303679082744105	5.68948013532094	-5.30553252839325	2.48648538466537e-07	7.33036723591754e-05	6.6199582212483
SCG5	0.353459841949093	8.72043686722005	5.30430146865509	2.50160106741329e-07	7.33036723591754e-05	6.61431901899606
SNAP91	0.421632152757865	8.75221394576696	5.28283802582046	2.77994995891654e-07	7.93163617225609e-05	6.51616576885214
RND2	-0.338545726133634	6.65652837781401	-5.27491641590633	2.89010074739448e-07	8.03448007775665e-05	6.48001927142929
SLC4A8	0.224632603000699	6.1038382855942	5.2396505271043	3.4341215129907e-07	9.30818636096128e-05	6.31962092537295
SERPINA3	-0.846667372362681	8.22238448310074	-5.22913841827414	3.6146888281017e-07	9.55864787177529e-05	6.27197406995063
GPI	0.303204736738321	7.68725981029457	5.22189202925231	3.74449320417724e-07	9.66614174278325e-05	6.23917351779313
TERF2IP	0.243126031972681	8.38420656795158	5.19656144560074	4.23476837244567e-07	0.000106236262946339	6.1247994126367
RGS1	-0.73694965921641	5.85021823710183	-5.19286281893995	4.31137757760462e-07	0.000106236262946339	6.10813616916462
CADPS	0.274366601293881	5.97880481307819	5.17839175581801	4.62424903927175e-07	0.000111413573519521	6.04303118811452
COL19A1	-0.295014012476725	4.18368729563306	-5.17271554984836	4.75289407254597e-07	0.000112023646814225	6.01753359963004
SPARC	-0.437575134054754	9.00854976266275	-5.16659382664041	4.89552781233976e-07	0.000112930452215718	5.99005973646474
CP	-0.483623887870818	5.63904036786772	-5.15836420680589	5.09383407116036e-07	0.000115056977082335	5.95316668931773
RGS4	0.597687538352559	6.30771497214255	5.14384191226328	5.46294213757015e-07	0.000120875956439869	5.88817842381564
DLG3	0.244457781359063	5.64601836283503	5.13201632466946	5.78255291412988e-07	0.000123136891676031	5.83536631939142
ELOVL4	0.388068425486838	6.70518658168804	5.13166673049782	5.79227215963621e-07	0.000123136891676031	5.83380654041676
ATP6V1E1	0.304808126470609	8.38182680234996	5.12596124330622	5.95315047195976e-07	0.000124123187340361	5.8083624764424
OPCML	0.342568170821855	7.14492581312684	5.11570327442032	6.25336036748196e-07	0.000127192206133918	5.76267328507547
FOS	-0.718171889695834	6.21212451929177	-5.11299712287759	6.33497429554657e-07	0.000127192206133918	5.7506322594412
CA10	0.419988748719199	5.95777607450863	5.10137881989301	6.69725561578155e-07	0.000132021173429643	5.69899465744895
NEFL	0.452200508657567	8.22676317477112	5.09738284016362	6.8264389742938e-07	0.000132164734570167	5.68125628924782
DDR2	-0.301315795637741	5.70805036130065	-5.08099954880674	7.38179709328179e-07	0.000138697075020537	5.60864669826938
GFAP	-0.369620755989037	9.70899584660545	-5.07608372248317	7.55680627695457e-07	0.000138697075020537	5.58689674387333
ATP8A2	0.323264196008137	6.23838986429539	5.07376345151973	7.64080111185872e-07	0.000138697075020537	5.57663664266334
AMPH	0.416978632354014	6.52596070312565	5.07281094151137	7.6755437200076e-07	0.000138697075020537	5.5724257920254
IL24	-0.299852420210477	4.00027942178599	-5.066837280501	7.89694819047903e-07	0.000140358544723235	5.54603197067823
ATP1A3	0.461062069169211	6.88948746644692	5.06179087840719	8.08879650992105e-07	0.000141449567355748	5.52375462344507
CD163	-0.637035817087599	5.47388561378198	-5.04520215847819	8.75179981769913e-07	0.000150614307338879	5.45064972478548
UQCRH	0.237287878174921	7.52731367494255	5.03249386113176	9.29503000477105e-07	0.000157463617674574	5.39477639755053
GAP43	0.387166782026293	7.50778575454922	5.02131190206	9.79991232752075e-07	0.000163119832187255	5.34570786810593
SSFA2	-0.239303671710394	6.65900872543879	-5.01852506788775	9.92981822943999e-07	0.000163119832187255	5.3334924453352
MAGEB1	-0.316288765158251	4.0547174604962	-5.00988114623844	1.03434427579942e-06	0.0001641503526966	5.29563875118387
POPDC2	-0.331844381464086	4.24588180024978	-5.00830701284445	1.04205420726713e-06	0.0001641503526966	5.28875094409288
GJA1	-0.377567649110959	9.18105078308132	-5.00665735793611	1.05019374137876e-06	0.0001641503526966	5.28153456267286
VCAN	-0.296653011054868	6.89925598591789	-5.00028604813343	1.08221220711479e-06	0.0001641503526966	5.25368146238518
REEP5	0.219290331667661	8.32381915754258	4.99955487357018	1.08594655709731e-06	0.0001641503526966	5.25048686349683
WWTR1	-0.278230575876815	5.620392134143	-4.99731538557085	1.09746214853183e-06	0.0001641503526966	5.24070459589457
CKMT1A	0.41751129189518	7.01374927571485	4.99581627197287	1.10523664885185e-06	0.0001641503526966	5.23415832735901
ATP6V0D1	0.304963890602224	7.47342670697442	4.98965788903765	1.13773754940631e-06	0.000165741390121859	5.20728284096285
RASL12	-0.489151304835886	6.56107991083872	-4.98713379523022	1.15132409917331e-06	0.000165741390121859	5.19627533114973
ANXA1	-0.565500761154113	6.2652298691406	-4.97930315881291	1.1944812493547e-06	0.000168027650782628	5.1621548520972
RHOQ	-0.215380449278766	7.39058301823367	-4.97647338418796	1.21045891986519e-06	0.000168027650782628	5.14983535268076
REEP1	0.336801666039144	6.91760712843037	4.96597146274251	1.27158361492609e-06	0.000172331369412858	5.10416463564788
PLK2	0.407860414390252	6.27168747481286	4.9464175221309	1.39344653806062e-06	0.000186515399575966	5.01933734741975
TAGLN3	0.399690078890161	7.49835294798439	4.9434413824653	1.41295807461591e-06	0.000186820627377874	5.00645036079937
STMN2	0.508769084348522	8.51001487845657	4.93677177557204	1.45764852905428e-06	0.000190407534361524	4.97759320268
PLCE1	-0.255936944949762	5.44639866005304	-4.9294122599469	1.50854855243569e-06	0.000194710516732235	4.94578784366363
NUPR1	-0.431432780868756	6.84672601052915	-4.92392262405932	1.54763119471417e-06	0.000197404910742247	4.92208864149224
GYG2	-0.298082634102201	5.74388616350824	-4.92083232687045	1.57006103364257e-06	0.000197937229380846	4.90875704354903
TPD52	0.202707613402744	6.3762059306991	4.91595236339841	1.60612209990527e-06	0.000199118871520786	4.88771868484256
NPTX1	0.327714858358291	7.09249615825239	4.91461217059435	1.61616497821704e-06	0.000199118871520786	4.88194386258546
PPP2CA	0.235112400963375	7.82384317552341	4.9033132984637	1.70328301682768e-06	0.000207494319870177	4.83330866230406
SCN3B	0.438671918602994	7.12894884664991	4.89170125928377	1.79754039006676e-06	0.000215708733132081	4.78342067580807
BSN	0.378178908019541	7.40214161649799	4.89015034839709	1.810504954346e-06	0.000215708733132081	4.77676492036571
NDUFA9	0.226585848679749	6.62894653661176	4.88670494221644	1.83963047372899e-06	0.000216796452132279	4.76198508370153
SLIT1	0.294803693128789	6.09530646787923	4.87536861649667	1.93869296794578e-06	0.000226014076972776	4.71341550599607
SLC25A4	0.305850842982804	6.81103195310439	4.86850055835747	2.00119680710866e-06	0.000230818891305022	4.68403475440176
JUNB	-0.382702966829278	6.37059346089319	-4.86105556596057	2.0711502342454e-06	0.000235034552304852	4.65222424605505
GABARAPL1	0.252570565943014	8.2577386870354	4.85838974299801	2.09676830541578e-06	0.000235034552304852	4.64084357515722
INA	0.499715935232253	7.3312507086052	4.85776862194112	2.10278099737785e-06	0.000235034552304852	4.6381926804545
LIFR	-0.251533980617339	6.08699216700076	-4.84630866492593	2.21675369317826e-06	0.000245245342259579	4.58933235293622
PDE1A	0.308699707733744	5.8897185739193	4.84371297839238	2.24338552431051e-06	0.000245684705601763	4.57827860548156
FGF12	0.297479253407038	5.74673969805013	4.83609579812279	2.32333455890506e-06	0.000251895932876486	4.54586884484686
ATP1A1	0.317959207617092	8.02951068399858	4.83283324652537	2.35841351094896e-06	0.000253167517680283	4.53200006775179
S100A6	-0.267993356044132	6.44006618866225	-4.81605808400451	2.54701114172202e-06	0.00027073230194657	4.46081194556551
NRN1	0.341529274637668	6.99347869153953	4.81104374023479	2.60615813068991e-06	0.000274329771387767	4.4395722643227
ATP6V1A	0.360390874502487	7.74254313429509	4.79046268378012	2.86311733703185e-06	0.00029847998238557	4.35258610010911
LY6E	0.316193971596331	6.3575430133965	4.78616757238709	2.91974589155511e-06	0.000300498098239126	4.33447148102956
ZFP36L2	-0.224683763542788	5.7693459736934	-4.78480704788156	2.93790798868727e-06	0.000300498098239126	4.32873626577056
IFI6	0.352771204559709	6.86070174877797	4.76442471255681	3.22340628452866e-06	0.000325256179638864	4.24297667455763
HBP1	-0.236345232237722	5.87850827961334	-4.76329687900524	3.23996194438271e-06	0.000325256179638864	4.23824008604151
MLLT11	0.408430164873576	8.72705310784653	4.75400284855715	3.37954991487235e-06	0.000336156698871982	4.19924299761175
MDH1	0.371753173332562	8.44703674860731	4.75142643109547	3.41926126316992e-06	0.000337014823775348	4.18844367422536
GABBR2	0.477976149854958	7.6836374478009	4.74816614296785	3.47015898051148e-06	0.000338950123123472	4.17478477122772
KCNQ3	0.213809601135672	5.76349400982493	4.74530899910049	3.51536328035303e-06	0.000340299720407032	4.16282120466803
CALD1	-0.205639831316848	5.93739907983756	-4.74310493768953	3.55062240542153e-06	0.00034067122229717	4.15359632412798
LAMP3	-0.33688316762824	4.12710005387074	-4.72801562082002	3.80133734154327e-06	0.000361510885626611	4.09053673269476
RGS7	0.418085260064631	6.42959029071712	4.72609147794227	3.834509485986e-06	0.000361510885626611	4.08250752739987
TSPAN7	0.341013742226391	8.8807117964673	4.72035869871395	3.93500548525131e-06	0.000367787323026678	4.05860141221181
PEX11B	0.243046409785298	7.31676004014447	4.69993142983886	4.3141549834354e-06	0.000399778361798347	3.97361377345874
SPO11	-0.336870665368503	3.86696689404595	-4.69427271587221	4.42526567842345e-06	0.000406599410893789	3.95012479307973
NEIL3	-0.305642800530762	4.05496950903733	-4.68921018186674	4.52700367290496e-06	0.00041245188085408	3.92913043447053
CRYBA2	-0.31412261071872	4.11215229483523	-4.68308239088415	4.65316693513098e-06	0.000416963464044501	3.90374362509721
CISD1	0.274314692831218	7.02800845666414	4.68306937911533	4.65343840152967e-06	0.000416963464044501	3.903689748023
RAB13	-0.347357703054022	7.00739209582704	-4.67854159381541	4.74883470802867e-06	0.000421799071093044	3.88494936574766
PPM1H	0.26614749547058	6.40360154320483	4.6768379964329	4.78521359015352e-06	0.000421799071093044	3.8779021235708
BEX1	0.321930640159239	8.71712344382803	4.66768989178976	4.98520253298017e-06	0.000435883595665895	3.8400958248121
THY1	0.335581040845136	8.20175992559258	4.66413287378326	5.06511752044791e-06	0.00043932803325357	3.82541239460347
TPTE	-0.30846786955539	3.77936413195359	-4.66003255970829	5.15877021353592e-06	0.000440703940925394	3.80849779001924
YWHAZ	0.251212769330765	7.82643196165866	4.65988044867913	5.16227637866861e-06	0.000440703940925394	3.8078705402578
NRIP3	0.426194610263551	8.1288369332392	4.65328554397561	5.31651605790146e-06	0.000450325524216934	3.78069198225158
PRDX6	-0.259503225112884	8.29603751480477	-4.64973513593212	5.40138032744817e-06	0.000450686894726524	3.76607351399762
ERC2	0.437283168629263	6.98675018619866	4.64962973196417	5.40391960103745e-06	0.000450686894726524	3.76563966526065
WFDC1	0.287375177062534	5.57868197181183	4.64402085576967	5.54071332398282e-06	0.000452660296029176	3.7425650348046
CYFIP2	0.237229189048184	7.93860041806445	4.64353035454981	5.55283336763331e-06	0.000452660296029176	3.74054824173565
SEH1L	0.266017840653187	6.14413389261363	4.64133174585275	5.60747433358012e-06	0.000453703259139371	3.73151040819004
PIM1	-0.230195543127359	5.89839880378033	-4.63106941095706	5.86944207224928e-06	0.000471381414424642	3.68937219257367
FAIM2	0.230461230803134	8.1255607184715	4.6220622251822	6.1090461258399e-06	0.000487016750708501	3.65245189799107
SULT4A1	0.347830965082525	6.64851573863942	4.61603131036916	6.27471094534848e-06	0.000489369527496634	3.62776483735912
APLP1	0.203538755648105	8.40469816606908	4.61531618244479	6.29463941878311e-06	0.000489369527496634	3.62483930502414
PRKX	-0.311240430693761	5.57213742178651	-4.61489514675978	6.30640090220613e-06	0.000489369527496634	3.62311705813578
EFEMP1	-0.394410778050683	6.51684837455416	-4.61444122426242	6.31910476383774e-06	0.000489369527496634	3.62126043477709
SV2A	0.349109827821407	7.75224753785112	4.60431130028166	6.60910318363768e-06	0.000502803171173478	3.57986697021698
PPEF2	-0.30190159240373	4.03824078183534	-4.60208976142271	6.6743923333179e-06	0.000502803171173478	3.57079936320405
MDH2	0.227968056041539	7.71232353609329	4.60196517983262	6.67807200230408e-06	0.000502803171173478	3.57029096960927
PPP3R1	0.336760404784965	7.25778875409875	4.59859498904449	6.77835873663496e-06	0.000506834244293767	3.55654223521343
ANXA2	-0.262467330608092	6.09192230776157	-4.59507948316754	6.88451343924779e-06	0.000511245854166606	3.54220966655815
IFNA14	-0.308469405091668	3.70314772827156	-4.58387891754592	7.23350124785935e-06	0.000533507622648239	3.49660662610091
FSCN3	-0.318417291532076	4.14021362584043	-4.58101206239051	7.32552651716687e-06	0.000536644314183265	3.48494922330054
WASF1	0.260122242583288	7.45737843021097	4.5786932927807	7.40078129056817e-06	0.000537641009509554	3.47552495317531
TSPAN6	-0.364139652025185	5.87343895658481	-4.57605362671666	7.48735590210285e-06	0.000537641009509554	3.46480131724202
OSBPL11	-0.324665182744073	5.92793419071336	-4.57603718430842	7.48789821397737e-06	0.000537641009509554	3.46473453624703
ADAM23	0.273523741717984	5.79384393470911	4.57295446552601	7.59024443257261e-06	0.000541404145644422	3.45221759891398
ACTR10	0.271404576474653	7.14688707172773	4.5685641197184	7.73832960489194e-06	0.000548359278276068	3.43440343762859
PRKCZ	0.22599807201572	6.83315772225109	4.54996102479053	8.39721969409414e-06	0.000591186077424472	3.35907928553231
KCNJ6	0.384443221323336	6.73372778442907	4.54581482681779	8.55125556589678e-06	0.000598146534486793	3.34232644779741
NCALD	0.347297577156834	6.23263256847651	4.54117674884702	8.72678445573444e-06	0.000606511519673544	3.32360135993038
PAX6	-0.277846479294227	6.25368419500416	-4.53563013517802	8.94124718237533e-06	0.000617458611154862	3.30122937961366
LRRTM2	0.249347996986806	6.95143301350853	4.53270854847111	9.0562399439687e-06	0.000621441477674105	3.28945455344156
SYN1	0.323760858723907	7.15144310099017	4.5202491801631	9.56279348559918e-06	0.00065146776227092	3.23931140484399
CLIP3	0.24809861461694	7.92652774174153	4.51902551764382	9.61398653046921e-06	0.00065146776227092	3.23439299792663
CABP5	-0.272459581828908	3.85136868700349	-4.51665088071233	9.71408411334099e-06	0.000654162111533186	3.22485154646272
RUNDC3B	0.248056578843629	7.12735488740317	4.50797482176808	1.008838715353e-05	0.000675174651349213	3.19002646436681
FHL2	0.27885422297941	5.77126795600731	4.50593807754392	1.0178244134387e-05	0.000677009342975606	3.18185929413069
DIO1	-0.264785608919454	3.99116718652102	-4.49538548602872	1.06562527234382e-05	0.000701252300280069	3.13959412389349
MAGEA4	-0.302127399472831	3.9529416273565	-4.49396617889932	1.07221664361845e-05	0.000701252300280069	3.13391589966225
SNAP25	0.380729417080637	8.67783554498025	4.49365321056316	1.07367535368467e-05	0.000701252300280069	3.13266401026282
RTN3	0.253724933741552	8.10605177266656	4.48905508928781	1.09532766640791e-05	0.0007064506318361	3.11427976788671
DUOX2	-0.304107501958518	4.19971484593817	-4.48577525767374	1.11102784628785e-05	0.0007064506318361	3.1011760252234
MAPK9	0.230629461259451	6.20913103590532	4.48526619601844	1.11348396136837e-05	0.0007064506318361	3.09914292198731
RCAN2	0.361412472672215	7.59691546822325	4.48426072862325	1.1183504602425e-05	0.0007064506318361	3.09512783323899
TXNIP	-0.387274890042931	7.81079907609987	-4.48377069256666	1.12072965021038e-05	0.0007064506318361	3.09317126919278
GOT1	0.379287284287693	7.60040879159117	4.47685967761345	1.15480564506354e-05	0.000719563379527521	3.06559692800248
FSD1	0.226702430298652	5.98603842728254	4.47095751794992	1.18469298471689e-05	0.000726733023416847	3.0420762725629
DUSP1	-0.323346590116614	7.14221536791691	-4.46973699139586	1.19096549023709e-05	0.000726733023416847	3.03721563188873
CCL2	-0.655881898134584	5.90884449879248	-4.4683338032127	1.19821613129595e-05	0.000726733023416847	3.03162894294572
TJP2	-0.29069422178909	6.21850863153811	-4.46814511853185	1.19919434128769e-05	0.000726733023416847	3.03087782205159
STMN4	0.28623943905876	7.49363797566847	4.46802322226733	1.1998267034829e-05	0.000726733023416847	3.03039258847801
KIFAP3	0.350211822705757	7.37974183003627	4.4603306072061	1.24038790399056e-05	0.000747126980836979	2.99979316308
ACACB	-0.249309154055864	6.41595603524465	-4.45602116187782	1.26368244131636e-05	0.000756952764019445	2.98267068261397
MARCH3	-0.315337274305919	5.62732412622254	-4.44940414988335	1.3002697711069e-05	0.000774589277930824	2.95640693299171
DAAM1	-0.231210841708686	6.6438676149002	-4.44581757634125	1.32052366325414e-05	0.000782356150655815	2.94218517749008
GRAMD3	-0.346431225743429	7.49497236037627	-4.43223235475446	1.40002173785973e-05	0.000820735055058926	2.88840409147531
BCL11A	0.259177459660576	6.17188182943203	4.431576824216	1.4039716694195e-05	0.000820735055058926	2.88581250819258
DKK4	-0.278636207075305	4.01910555637621	-4.43090802905529	1.40801254603358e-05	0.000820735055058926	2.8831688191605
STAU2	0.22982076658417	5.9379395736347	4.42210848067075	1.46222999388305e-05	0.000847780619982892	2.84841647544238
STXBP1	0.287594072237451	8.11632841919835	4.40485917809186	1.57437673548438e-05	0.000907946413091578	2.78046331119603
MAP2K1	0.375849642822903	7.48958792144254	4.40225699122545	1.59199508548807e-05	0.000913249244278393	2.77023163869302
SNX10	0.364282198506089	6.98622186016283	4.39287113541616	1.65712705252832e-05	0.000942197702094251	2.73336958717492
SLC9A6	0.248639195203795	7.49875862560165	4.39248802377921	1.65983915421511e-05	0.000942197702094251	2.73186637305181
CDC42EP4	-0.252300399046623	6.91063402299421	-4.39052564109672	1.67379800238022e-05	0.000945172809469083	2.72416832463505
ATP5F1	0.22517200871998	7.23303798888069	4.38895541739494	1.68504832961564e-05	0.000946595543507398	2.71801074630752
WWC1	-0.202884716191787	5.93560907962648	-4.37263300749201	1.80637095692114e-05	0.00100951927396593	2.65411394411836
NAP1L2	0.270023107577405	6.77426581249769	4.36080293432135	1.89948924366663e-05	0.00104539402943318	2.60792982555628
CAMK2A	0.333198146909253	8.37577490796081	4.35694224278024	1.93086107598266e-05	0.00105272930163623	2.59288091312602
TOMM34	0.335748204169986	7.11065047257866	4.35677430249987	1.93223695836201e-05	0.00105272930163623	2.59222654245385
SEZ6L2	0.204253531891302	6.13705042535203	4.35103939946218	1.97978903294473e-05	0.00106320951408649	2.56989369064941
GABRB3	0.222888695148427	6.16766338953194	4.35090793851911	1.98089210335243e-05	0.00106320951408649	2.56938204963402
GAD1	0.27601373713349	5.53863410942228	4.34612021630009	2.02146882140033e-05	0.00107948980246196	2.55075739833614
C1S	-0.377832978296048	5.58336005028157	-4.34499298708361	2.03113742577236e-05	0.00107948980246196	2.54637492319055
MAST3	0.305096609825549	7.5842917222441	4.3395886107342	2.07811107982327e-05	0.00109906733304604	2.52537709990622
LPAR4	-0.390988759499242	5.75144211179619	-4.33519693123688	2.11704717539283e-05	0.00110936803306431	2.50833036969185
CYBRD1	-0.316063722616129	6.39396487799355	-4.32547056702921	2.20578235622813e-05	0.00114680613194854	2.47062900447216
SOX9	-0.272417195870114	7.58275339161657	-4.32494415362227	2.21068512799526e-05	0.00114680613194854	2.46859058213634
DPYSL3	-0.237077834062201	7.04289508889941	-4.3208417866816	2.24925180688169e-05	0.00115039005148539	2.45271231349878
PBXIP1	-0.27110284532559	5.92834217255165	-4.32082348481557	2.2494252989753e-05	0.00115039005148539	2.45264150471728
EFHD2	0.279083049792135	6.9859271257247	4.31359907295541	2.31891896620673e-05	0.00117484670241184	2.42471072701923
CHN1	0.27532875668438	8.60957764511111	4.30638168404242	2.39039468563307e-05	0.00120542600844808	2.3968470073709
MYO5C	-0.343978897615735	5.45321320526635	-4.30011767971126	2.45413378030847e-05	0.0012159267695978	2.37269631497967
OPA1	0.202389352076987	6.23629157986563	4.29999951245979	2.45535167796612e-05	0.0012159267695978	2.37224101355886
NDUFAB1	0.218914936207285	7.88593398966353	4.29837922499704	2.47210971952455e-05	0.0012159267695978	2.3659990848785
BCL6	-0.271996282924794	6.40684614257128	-4.297803816455	2.47808725595674e-05	0.0012159267695978	2.3637828891943
CHGB	0.545405450234045	7.39042241784363	4.29685452693778	2.4879790385471e-05	0.0012159267695978	2.36012723972689
NAP1L3	0.320314153266682	8.13369835881853	4.29620157727189	2.49480482429028e-05	0.0012159267695978	2.35761317615613
SNTB1	-0.223016348644859	5.30583399048709	-4.28669850677354	2.59619897530982e-05	0.00125660666474594	2.32106036821207
FXYD7	0.353551088559777	6.15270857118469	4.28528404197307	2.61162384206294e-05	0.00125845447536206	2.31562566897329
TOMM70A	0.210036159033932	7.23874602679693	4.28163940705326	2.65177400463908e-05	0.00127214751142907	2.30162922424741
MAP2K4	0.272497516871533	7.11729814495305	4.27960497641785	2.67444189832286e-05	0.00127608487139094	2.29382086464732
CDH16	-0.226260479784367	3.91459680819836	-4.27879475241287	2.68352103557587e-05	0.00127608487139094	2.2907120249434
SLC12A5	0.365093499682568	7.7686622414539	4.27580182618576	2.71731520674986e-05	0.00128651229133546	2.27923250378812
PRRX1	-0.264212705710788	5.65080517667328	-4.27427927714981	2.73466268993291e-05	0.00128909621235881	2.27339533197708
NEUROD6	0.504282923463684	5.88345518071538	4.26666797214088	2.82298408175051e-05	0.00132211154309603	2.24424172831095
GMPR	-0.460426796402753	5.71251960969567	-4.26087690670975	2.892004225176e-05	0.00134571286735443	2.22209005568506
KRT84	-0.268700570787267	4.01967179455104	-4.25825563223014	2.92377343783887e-05	0.00135468169286534	2.21207178622565
DOCK3	0.281170271164206	6.36032693022601	4.25244519955948	2.99538846168781e-05	0.00137610176701776	2.18988371790601
MAPRE3	0.238188789857383	6.85015026268777	4.25129892815051	3.00971324098266e-05	0.00137684856365966	2.18550956925333
RIT2	0.380055914414015	5.1175170498081	4.24828965212352	3.0476320596221e-05	0.00137689422659455	2.17403105226737
SLC25A12	0.282896131507289	6.2206435214448	4.24799330011055	3.05139089266938e-05	0.00137689422659455	2.17290103123332
YWHAB	0.232285801149464	8.12497221579344	4.24757106141305	3.05675408877835e-05	0.00137689422659455	2.17129110816265
CACNG3	0.406072081548837	7.23822030435417	4.24330227735492	3.11148391344874e-05	0.00139086765417534	2.15502269513987
CUL2	0.231917309407914	5.9701402419252	4.24285060492288	3.11732927471508e-05	0.00139086765417534	2.15330218565405
ID4	-0.240490016988392	6.44342001152929	-4.24108158103365	3.14032449596019e-05	0.0013953851715246	2.1465651397846
MTX2	0.26106324930474	6.32296352349881	4.2295485298896	3.29426290978846e-05	0.00144872169844407	2.10270256023043
RAB6B	0.247036186499568	7.66508460720563	4.22880793222271	3.30439066243314e-05	0.00144872169844407	2.09988942402033
TBL1X	-0.220623660427309	6.02158624365327	-4.22812128301353	3.31380724233655e-05	0.00144872169844407	2.09728158787118
PPFIA2	0.235094784175887	6.5638785958124	4.22571367257879	3.3470277768003e-05	0.00145736848016341	2.08814056355622
SCN2B	0.329095344946719	5.73420477632848	4.22225816930306	3.39526392515049e-05	0.0014665916922901	2.07502881239339
PTDSS1	0.237997972986329	6.99077656247614	4.21742645578605	3.46382586974595e-05	0.00149026984443594	2.05671057358086
MS4A5	-0.280204049738652	3.72374055566707	-4.21383562687383	3.51563442308212e-05	0.00150535085864729	2.04310853689904
ITGB4	-0.261752122493827	5.63132007701142	-4.21307883675195	3.52664746445685e-05	0.00150535085864729	2.04024309375035
CLSTN2	0.263348292353361	6.96718502374231	4.2060012305975	3.63125084390929e-05	0.0015439224176339	2.01346653282871
B3GALT2	0.261947827155874	6.002048960704	4.20336165359688	3.6710159833074e-05	0.00155473262855542	2.00349020660579
DSC1	0.290522445347417	3.80689943555821	4.1945509376132	3.80678222506262e-05	0.00159266037598907	1.97022904125238
ATP6V1B2	0.374358876269988	8.24760763495659	4.19381894158634	3.81827492454661e-05	0.00159266037598907	1.96746840447054
PLTP	-0.359213247739278	6.49220224129839	-4.19281956327235	3.83401916743356e-05	0.00159266037598907	1.96370003778642
CAMK2B	0.278994613933947	7.31524464108387	4.18914166692462	3.89249645699502e-05	0.00160482065542419	1.94983842525218
E2F8	-0.289899665122393	4.05872786156794	-4.18808415791232	3.90946750902101e-05	0.00160554722472749	1.94585472511803
HPCAL4	0.281431110561052	7.15642640681081	4.18601919091977	3.94281027539649e-05	0.0016131301511641	1.93807837168877
HMP19	0.371027610728161	7.5569590729747	4.18483222962009	3.9620987020074e-05	0.00161492759876557	1.93360995269886
TMEM47	-0.239039628528292	7.94905389467154	-4.1831215625708	3.99005603669682e-05	0.00162023174344071	1.92717192165185
RNF19A	-0.215668868086419	6.1384829954436	-4.18075200371925	4.02909288766499e-05	0.00162391914825516	1.91825792906736
MAGEA1	-0.250961157021472	4.21221899974153	-4.17938417761316	4.05179258588392e-05	0.0016270198228205	1.9131143181327
PAK1	0.28889302411719	6.14869663677622	4.1745017381536	4.13381868430689e-05	0.0016481510925195	1.89476610978708
AP2S1	0.207097782823554	7.33518001002946	4.17444275753651	4.13481919540033e-05	0.0016481510925195	1.8945445738288
MEF2C	0.335292254974841	6.83096883340419	4.17022073205441	4.2070426474666e-05	0.00167079693713674	1.87869332850175
ZNF385D	0.257787503955151	5.36872008081485	4.16549455312785	4.28931844370272e-05	0.00169602578088635	1.86096571868834
HARS	0.200387332208414	7.40272683458667	4.16433775500783	4.30968928473171e-05	0.00169602578088635	1.85662928537201
NEFH	0.419801734168061	6.92396153577119	4.1638957140752	4.31749783734213e-05	0.00169602578088635	1.85497250271029
AHCYL1	-0.221930412024118	8.32782861304096	-4.16138781182287	4.36205559594519e-05	0.00170734320473783	1.84557568752787
CXCR4	-0.391134588521609	5.45248592728745	-4.15739931132938	4.43382419895051e-05	0.0017291914375907	1.83064132541571
KIAA1107	0.296325173528521	6.32190729349057	4.15540249448218	4.4701765748892e-05	0.0017371202302849	1.82316918528464
SRPX	-0.430747483481988	5.9870087879423	-4.15377385705723	4.50003657671379e-05	0.0017404595635995	1.81707708051661
CCR6	-0.283391192924216	4.92841296962606	-4.14903544481927	4.58799840591851e-05	0.00175294380537544	1.79936425456211
TUBA4A	0.300841243490647	7.93517581482302	4.14883601799756	4.59173621773312e-05	0.00175294380537544	1.79861915365086
PLCL2	0.223905158518842	5.93354682330352	4.14531295835028	4.65824906256408e-05	0.00177209601180069	1.78546136466166
FSTL1	-0.263622518720183	5.79798561508978	-4.13789723151696	4.80126850993333e-05	0.00182011724422018	1.75779700528622
SLC2A3	0.245998887791041	7.32847023894258	4.13318996476458	4.89421540682016e-05	0.0018370408008416	1.74025880523107
SCG3	0.336201688335205	6.77065721867077	4.1326119038132	4.90574705629619e-05	0.0018370408008416	1.73810627412884
EMP3	-0.374601717799073	6.21054460300505	-4.13221469324546	4.91368596425073e-05	0.0018370408008416	1.73662732848657
BTBD3	0.225290681533262	7.56431655831412	4.13069304368548	4.94421215772887e-05	0.00184210131319919	1.73096286586826
ANP32B	-0.216907025492024	8.7156744115496	-4.12868603599347	4.98475190795098e-05	0.00185084521184947	1.72349438257655
NOX3	-0.242784644259871	3.78300761306376	-4.12358487540104	5.08922232819962e-05	0.00188318595502868	1.70452608327953
EPB42	0.249638589277792	4.08970973508854	4.12159507939939	5.1305361059992e-05	0.00189201607011032	1.69713267966689
PCMT1	0.220893787551962	8.36861411616931	4.11675930116555	5.2322775336018e-05	0.00192299501760375	1.67917747105419
ATP5B	0.273539225232708	8.48245432360066	4.11522115741623	5.26504022207891e-05	0.00192849885431688	1.67347018595928
EPB41L3	0.277918737496062	7.43267521716794	4.11305943407004	5.31141597380605e-05	0.00193893508377122	1.66545223406812
BHMT2	-0.202233913687548	4.90095486806941	-4.10955767630041	5.38736697263651e-05	0.00195707553770465	1.65247177426002
PTTG1IP	-0.26594973344387	7.78244735948012	-4.10519848266487	5.48336226790032e-05	0.00198168712361918	1.63632633864366
PPFIA4	0.289871327165922	6.54452449076091	4.102719401283	5.53867989698733e-05	0.00198974913265103	1.62715103280661
B4GALT6	0.213796923386391	5.60421880446791	4.10255467010538	5.54237445176729e-05	0.00198974913265103	1.62654151816593
ATP6V0A1	0.213655079295547	7.56351813536303	4.09874403345965	5.62849704124532e-05	0.00200215360571923	1.61244787760455
FGF9	0.267770581463521	5.55576807952583	4.0985758816128	5.63232659790043e-05	0.00200215360571923	1.61182622988311
SRGN	-0.356605413581128	7.15965640370995	-4.09266617183636	5.76850475777533e-05	0.00204161559046415	1.58999243875133
SERPINI1	0.339901778289454	7.35205492225188	4.09092483660947	5.80922523560025e-05	0.00204492272741487	1.58356418622869
CYP27B1	-0.287307694730964	4.21834596011006	-4.08971990695555	5.83756223344641e-05	0.00204824756424032	1.57911750092156
PGRMC1	0.258563805377436	8.01003274229564	4.08477139159494	5.95532623496297e-05	0.00207949804909414	1.56086738187051
LANCL1	0.247943929111501	7.73240443182684	4.08436958685395	5.96498702516396e-05	0.00207949804909414	1.55938636923675
UBE2N	0.25544180788022	7.08349608766423	4.08350871951937	5.98573556769166e-05	0.00208004310977285	1.55621372340518
CRYM	0.303936238435559	6.30191147012565	4.08206742266747	6.02062756226986e-05	0.00208548383482843	1.55090326023194
GLRB	0.335783192341164	6.14320827601149	4.0724282914342	6.25900803659244e-05	0.00215622721425118	1.51542974965368
TUBG2	0.210984355732394	6.89408546067865	4.07220506686049	6.26463357765284e-05	0.00215622721425118	1.51460911232488
LRRC49	0.257654231407099	6.36437297890417	4.06590832663915	6.42531760736683e-05	0.00219066960688903	1.49147661689712
FGF2	-0.238783965964517	5.85712698461905	-4.06466090027054	6.4576125442807e-05	0.00219477853307496	1.48689761114827
EHD3	0.237910920315073	6.31140570379291	4.06345633621144	6.48894445304531e-05	0.00219853549249741	1.4824771032003
CAMK2N1	0.208376797259026	9.04907638546018	4.05816938262392	6.62818333680258e-05	0.00223871538123407	1.46308853418072
RWDD2A	0.216023739697017	5.79039884608228	4.0525337244107	6.77973606919381e-05	0.00227572441059441	1.44244538016771
SLC25A11	0.236032715223798	6.47127015912468	4.04776947822254	6.91042251792038e-05	0.00231243212775595	1.42501365822878
PPP3CB	0.255616553758835	7.65676107654846	4.04675735790061	6.93849277734974e-05	0.00231468119052387	1.42131274973202
CX3CL1	0.244457363435344	6.33921789717843	4.04514336247606	6.9834801491708e-05	0.00232254269255552	1.41541269942595
PLCB1	0.225463027146717	6.62426931985662	4.04262314740228	7.05428247272172e-05	0.0023389153079281	1.40620401444234
NDRG4	0.232974595838573	7.54676945183142	4.03950727321038	7.14276377228553e-05	0.00236040703349746	1.39482574904034
PTPRT	0.327955085543271	5.45032617513555	4.03881222878698	7.16264447537969e-05	0.00236040703349746	1.39228869239863
MCF2	0.272651533120937	5.13193026020023	4.03170111737083	7.36909550468858e-05	0.00241376838253274	1.36635352867981
CSRP2	-0.279246580540475	6.57948829872642	-4.02815938260642	7.47401999205012e-05	0.00243930744207706	1.35345122484384
IFNG	-0.269854860912556	3.8906460399653	-4.02729094579113	7.49996372120268e-05	0.00243930744207706	1.35028907753969
IL13RA1	-0.253484852163455	6.41084203966888	-4.02680357960499	7.51456083429015e-05	0.00243930744207706	1.34851474308006
MTTP	-0.304093447743348	4.25776270387178	-4.02403254673172	7.59807115771876e-05	0.00245905335796976	1.33842991651715
TNFRSF21	0.265413702737232	6.8052478252153	4.02120885707591	7.68407614278109e-05	0.00247948671250097	1.32815968446218
ABCG5	-0.275579733951034	4.08467772188765	-4.01838903559602	7.77088693287375e-05	0.00249322888802445	1.31790980136877
SNCA	0.263717257052853	7.53603260135806	4.01833188397872	7.77265600583161e-05	0.00249322888802445	1.31770212354067
BBS7	0.203653994146212	5.59441590691067	4.01360238217414	7.92038805486316e-05	0.00253312233896243	1.30052497402503
TSPYL5	0.249808997208959	6.51726989911289	4.01039708397909	8.02202368998006e-05	0.0025580817896107	1.28889364624629
CRISP1	-0.205833421560715	3.85842551772014	-4.00778162687007	8.10587396792961e-05	0.00257202083846031	1.27940873700251
CACNG2	0.274244175943243	5.41722612236511	4.00755491397558	8.11318139414706e-05	0.00257202083846031	1.27858682126688
KIAA1324	0.249096097070928	5.43857863882027	4.00367963705055	8.23906245589641e-05	0.00260431239495128	1.2645438316411
LCE2B	-0.273105000908378	4.32257157066694	-3.99809245862272	8.42382441246695e-05	0.00265426043828137	1.24431825912443
VAMP2	0.227408252785807	7.86238137989412	3.99742847205363	8.44604179309236e-05	0.00265426043828137	1.24191627076013
COLEC12	-0.333649831059148	6.04453462144497	-3.99234791558118	8.61789350817356e-05	0.00270043934727219	1.22354877398563
TNFRSF1A	-0.273798848554077	6.59014187849014	-3.98852788181081	8.74929123283707e-05	0.00272880309689807	1.20975184072249
MAFB	-0.272358800607905	5.84845238164518	-3.98523369744884	8.86412827800197e-05	0.00274585367971707	1.19786341183626
TOB2	-0.205437497279029	6.27980156923366	-3.98159811992429	8.992528955811e-05	0.00277769227746162	1.18475290179348
F9	-0.253075997876472	3.71906775791545	-3.97774110437576	9.13068175534633e-05	0.00281235373839389	1.17085529762883
TMEM35	0.320791230071036	5.76928772728816	3.96477987685153	9.60985924661387e-05	0.00292800363474551	1.12423980114788
ID3	-0.386801009110934	6.64816320590403	-3.96234514816443	9.70249656633263e-05	0.00292800363474551	1.11549808637521
GNG12	-0.257527568072563	5.50399400419302	-3.96225611374149	9.70590020047445e-05	0.00292800363474551	1.11517850399228
APBA2	0.214524432681765	7.10889445141856	3.96208280750833	9.7125286548059e-05	0.00292800363474551	1.114556452314
BDH2	-0.231133506679269	5.68353474058298	-3.96183005129176	9.72220354647096e-05	0.00292800363474551	1.11364927189846
ELAVL4	0.317813618818458	6.16185624815529	3.95656963111099	9.92564956102856e-05	0.00297179779580626	1.09478033949931
TPD52L1	-0.283326828550803	6.46041786031846	-3.94774892272125	0.000102758918646916	0.00305815657273696	1.06319011883307
PGAM1	0.207116243943461	7.85945639465814	3.94682782758538	0.000103131348727863	0.00305815657273696	1.05989490214247
TOMM20	0.248414237443536	7.64109179702551	3.94608106431937	0.000103434230875082	0.00305815657273696	1.05722385261321
SERPINA5	-0.39810514763067	5.09775900207887	-3.94587459964182	0.000103518120475416	0.00305815657273696	1.05648544061911
SHC3	0.269383273927059	6.81233738954035	3.94236792697143	0.000104952836490971	0.00309101231337218	1.04394915455487
GABRA1	0.356762582659777	6.14698697384524	3.93952442884791	0.000106130062047356	0.00310989765599307	1.03379088551487
IFNW1	-0.215053303101129	4.01206932833243	-3.93763096300212	0.000106920909595227	0.00311781065703997	1.02703013199594
PTK2B	0.23788684044147	5.91503166779062	3.93673606110905	0.000107296628794293	0.00311781065703997	1.02383581440681
KLRF1	-0.290278155284603	3.66248752135841	-3.93623614936015	0.000107507059000134	0.00311781065703997	1.02205167627338
KCNK1	0.241726998998762	6.0107878293473	3.93613335595413	0.000107550376843105	0.00311781065703997	1.02168484090438
NRXN3	0.240675463359816	5.74298760534813	3.93265910709883	0.000109024230307666	0.00313956023935802	1.00929135193087
PLA2G2F	0.247728614421105	4.29730129548639	3.93231941207806	0.000109169360840986	0.00313956023935802	1.00808009302709
CNTNAP1	0.240900056810053	7.20828460298129	3.92121961138658	0.000114013771454219	0.00326157601611251	0.968551826170661
MAP3K9	0.223606129821832	5.68366069785835	3.91481001217026	0.000116903372004919	0.00333442929526691	0.945770878478618
NECAP1	0.389347564976067	7.14043387985535	3.91421399572264	0.000117175572910597	0.00333442929526691	0.943654186198755
PIN1	0.248375046520544	7.24011650552471	3.91248032008113	0.000117970765504422	0.00334826973717002	0.937498822838552
PSMG1	0.249376882160527	5.83635575640816	3.90976751447258	0.000119225340867935	0.00336149198393892	0.927871899305661
RAB15	0.243951419842931	6.44016390824212	3.90946341941377	0.00011936676017492	0.00336149198393892	0.926793124255113
PPY	0.254168972659157	4.0193133188312	3.90757741349199	0.000120247406660717	0.00337257036479161	0.920104179794726
MUC7	-0.224215568637703	3.88297282888017	-3.90674229696614	0.000120639319166224	0.00337257036479161	0.91714324644335
PTPRN2	0.228467534826786	6.30167370308362	3.90635826472856	0.000120819948362865	0.00337257036479161	0.9157818342485
CHD5	0.223367961407466	7.2530311601501	3.90476342617955	0.000121572827528652	0.00337257036479161	0.910129316802307
GHITM	0.224556260831522	8.20483314770363	3.9040449750409	0.000121913440294629	0.00337257036479161	0.907583604816661
GEM	-0.436576462042205	5.52298223492561	-3.90227266909741	0.000122757552919727	0.00337257036479161	0.901305496032986
NLK	0.219547064186907	6.35019804508552	3.90100174284413	0.000123366278273474	0.00337257036479161	0.89680498836308
CYR61	-0.359917863920657	5.76174598096643	-3.90058437546945	0.000123566805020341	0.00337257036479161	0.895327320025344
CDH8	0.269870084331025	5.75590769198628	3.90012245154932	0.000123789099607954	0.00337257036479161	0.893692063655966
ATRNL1	0.246282995604021	5.87130759781846	3.9000915098372	0.000123804003429908	0.00337257036479161	0.893582533024347
SCGB1D1	-0.236782591359783	3.70160421294807	-3.89605668709992	0.000125762119905306	0.00340249004190553	0.879306207456719
TBC1D9	0.243207480143681	6.20435001011772	3.8957127975452	0.000125930362251858	0.00340249004190553	0.878090032011661
CXCL14	0.270921113818533	5.9599605569047	3.89488638184973	0.00012633554577762	0.00340249004190553	0.875167775186421
ITGB5	-0.201425845930084	5.88287953839024	-3.89426493392711	0.000126641049601885	0.00340249004190553	0.872970656532019
KRT3	-0.257280489246605	4.44080031932291	-3.89347770736824	0.000127029056021928	0.00340249004190553	0.87018787340449
STOM	-0.233443295822161	6.84602539560707	-3.89333583344646	0.000127099102284794	0.00340249004190553	0.869686413073123
NLGN1	0.218970306616601	6.62666682222766	3.88969247730447	0.000128910503980349	0.0034424819806772	0.856814303712837
SPOCK1	0.236592260608139	8.88990013881628	3.88533250688456	0.000131110365475642	0.00348889388327543	0.841424319212297
ABCA12	0.271649970998034	4.11162888912687	3.88288404677706	0.000132361314073341	0.00350650896087022	0.832788320553155
KCNMB3	-0.275523015257002	4.33153611694381	-3.88241587038662	0.000132601796159084	0.00350650896087022	0.831137555085658
DHCR24	0.318668823144014	6.80601530238376	3.88007033959027	0.000133812842580973	0.00352992418312144	0.822869976343387
VDAC3	0.208717091789613	7.84364893697829	3.87745512039537	0.000135175493977913	0.00355553483800799	0.813656984896335
VSNL1	0.475119032078723	8.15676359189583	3.87632667910649	0.000135767517334007	0.00355553483800799	0.80968336058578
MAOB	-0.296834320824205	6.62393707607374	-3.8699507643151	0.000139159003500457	0.00361546127007167	0.78725075771075
PROZ	-0.216203623931371	4.15120424839263	-3.86890451138706	0.000139723138919021	0.00361546127007167	0.783572799203085
CRCT1	-0.230548089824345	4.02607463324109	-3.8646906542574	0.000142017249608068	0.00365736584382583	0.768768442194331
NBEA	0.230708995189976	6.65362184245576	3.86143525345494	0.000143813944744724	0.00368612479650662	0.7573411302821
SH3GL2	0.345485340860939	8.38092489380658	3.85849631351181	0.000145454458779801	0.00371938028794953	0.747031976110964
HN1	0.252424175896574	5.71385291832533	3.85623031831755	0.000146731422805122	0.00374320490836031	0.739088092730404
TNS1	-0.222354154773173	6.10787362308152	-3.85029882936906	0.000150124483624501	0.00380291974639449	0.718313615532597
LRIG1	-0.211566405077359	6.70273333877747	-3.84876189250281	0.000151015723123673	0.00381657918439827	0.712935245219803
SHOX	0.235036228464634	3.93288360643199	3.84351103806993	0.000154098543374533	0.00388543350527137	0.694574664683013
DNAJC12	0.229666139071294	6.07873948674606	3.83936931020593	0.000156572129026691	0.0039386427445647	0.68010796887424
CAMK1	0.251553615715865	6.18704781928828	3.83196931335506	0.000161085528719686	0.00402416889949041	0.654294732872009
FMO6P	-0.31328560991864	4.10184398569543	-3.82938316974138	0.000162691707112476	0.00405495054830683	0.645283927904467
PDE2A	0.307782459424088	6.63530852035426	3.82843435259191	0.000163284781924064	0.00405505521152083	0.641979347704265
ABHD4	-0.205513527787538	5.46211783485604	-3.82758416080986	0.000163817947117333	0.00405505521152083	0.639018879081755
EMX2	-0.250933765296001	6.85396532246895	-3.82605492103984	0.000164781101346495	0.0040696052409993	0.633695348097811
CYP7A1	-0.262465204304498	3.83360050172257	-3.81749443613309	0.000170272454799673	0.00419566807940468	0.603929661492288
LARGE	0.220904177733273	6.10390883954036	3.81680264494637	0.000170723704826266	0.00419724809008248	0.601526808092523
PPM1E	0.389564137093099	6.69377646353109	3.81177909909071	0.00017403463142944	0.0042593306409887	0.584089685438435
TSPAN13	0.3078152896802	7.15216482597387	3.80901406700186	0.000175882841823353	0.0042948688537135	0.574500714172442
NMNAT2	0.279395567472862	6.14142632323773	3.80807737324524	0.000176513148893799	0.00430057429282375	0.571253711150215
IQGAP1	-0.206265061509542	6.13809574084615	-3.80491342769004	0.000178658023747088	0.00434307240687427	0.560291276219004
WIF1	0.405962752710743	6.29973712106292	3.80416805377583	0.000179166897377643	0.00434569910820672	0.557709879736654
CTAGE1	-0.272895717845941	3.97824114600217	-3.79509651418518	0.000185471024633102	0.00446861522016021	0.526329010825381
EXTL2	0.239994327595194	5.91069919661013	3.79001409906933	0.000189094070521639	0.00452573490639208	0.508776597997862
FRMPD4	0.305223772913637	5.95200547628703	3.78781888943862	0.000190679551300206	0.00454836212848516	0.501201762010028
LRRN3	0.219406598650345	6.34143788225268	3.78379102195313	0.000193621403002126	0.00458513778025514	0.487313236983197
BEX4	0.251861819144737	7.85846650081095	3.78369702619324	0.000193690564781115	0.00458513778025514	0.486989285810724
PNO1	0.215114116698281	5.95519981293302	3.78188899516292	0.000195025462212032	0.0046035861252803	0.480759395876377
NAPA	0.257489108046887	5.80895595473938	3.78108426176274	0.000195622402179902	0.0046035861252803	0.477987394097647
PTPRR	0.304481358985659	5.4110499470904	3.77986218945507	0.000196532222425279	0.0046035861252803	0.473778818283017
AKR1B10	-0.253758839376377	4.14360932497423	-3.7797808585063	0.000196592914222909	0.0046035861252803	0.473498773368336
KIF3C	0.229817768115814	7.06823439544077	3.77853373646395	0.000197525778814765	0.00461546227135708	0.469205257073417
WASF2	-0.218133699853106	6.53356685605017	-3.77696916805938	0.000198702015684013	0.00463230760052417	0.463820632891711
NETO2	0.312318086722635	5.98362207718986	3.77644016714642	0.000199101212123618	0.00463230760052417	0.462000468948611
UCHL1	0.367346278122084	8.04350405888827	3.77459173888615	0.000200502039362128	0.00465491030142226	0.455642251048596
IFNA16	-0.274624068133912	3.57695115074658	-3.77058909011471	0.000203567428484031	0.00471597875988005	0.441883417687767
RNMT	0.218715300223381	6.20903496756634	3.76858745612784	0.000205116921278611	0.0047417434125857	0.435007795489557
ZFP36	-0.404881890155338	6.7718016952586	-3.76613289823939	0.000207032243861917	0.00476761910428049	0.426580800657697
HLF	0.229171712645583	6.58250101808629	3.76602641356491	0.000207115716483685	0.00476761910428049	0.426215327478162
DEFA6	-0.228973327954964	3.8505172805747	-3.76514213345638	0.000207810127341537	0.00477346906914606	0.423180684894232
SLC14A1	-0.444520208746756	6.83536916031537	-3.76363178400676	0.000209001270510389	0.0047906802851451	0.41799898172338
ENC1	0.463530602208767	8.16158427134017	3.76197404972194	0.000210316074189398	0.00479236234214299	0.41231375573036
SLC17A7	0.361077283041989	8.63702378627583	3.75882690411385	0.000212833708288932	0.00482084353745022	0.401526688893942
NPHS2	-0.273430722996627	4.16555846827872	-3.75863882697052	0.00021298506312845	0.00482084353745022	0.400882294887245
RALYL	0.366664245363873	6.79909476405834	3.7568873822834	0.000214399426835698	0.0048226526675366	0.394882831928928
FOXJ1	-0.356724975594647	5.49625255696892	-3.74995711554733	0.000220083387520142	0.00490976149689995	0.371168002117369
NCDN	0.232754002896185	6.62465189196235	3.74923777989927	0.000220681446230789	0.00491299433271913	0.368708720457949
SEMG1	0.224658170913686	3.9367221084875	3.74661054935542	0.00022287880297371	0.0049416195947668	0.359730244770013
CALCB	-0.261222856306614	4.12252458630072	-3.74464233642245	0.00022453849307554	0.00494806167057927	0.353007605453326
BSCL2	0.269008796628753	7.82802648193587	3.73969310204877	0.000228763644030437	0.00502236068330157	0.336116848768343
AK5	0.250149210647953	7.73355656200174	3.73887714416486	0.000229467393479317	0.00502236068330157	0.333334053248008
PCSK2	0.274187467238356	5.93816027400119	3.73827816686155	0.000229985301460763	0.00502236068330157	0.331291605989901
OR2S2	0.257225318441098	4.18715300768777	3.73321311109997	0.000234409159991172	0.00508292822524858	0.314031953832395
CCL25	0.225659183468536	4.14759479954367	3.73093770111886	0.000236422562080243	0.00510537040335651	0.306285056908246
CEND1	0.216347839405614	6.94255682074741	3.72992075500498	0.000237327677853872	0.00510537040335651	0.302824104645365
ARL8B	0.202425200870527	7.97628842918065	3.72892567450148	0.000238216497902282	0.0051143431094189	0.299438379705935
EEF1A2	0.354769755388006	7.94313338404765	3.72555197633848	0.000241253374314255	0.00516930649074141	0.287965477919907
SPINT2	0.202592690977005	6.63565622368983	3.72274117083056	0.000243811422617963	0.00520355008666133	0.2784138571093
UXS1	0.207547952035936	6.22348786160052	3.72156724675314	0.000244887343139526	0.00521624474325883	0.274426552292293
NPTXR	0.318699445175504	6.746318559678	3.71171459007542	0.000254095733463154	0.00540177635726964	0.241005538377134
STX1A	0.3390699247083	6.29978416989765	3.70947041184577	0.000256238365172132	0.00542604756874268	0.233404136378378
PPP2R1A	0.253014543317832	7.89490069927909	3.70596152311495	0.000259622671040976	0.00547077270914912	0.221527159546012
GABRA5	0.314802015399714	6.03223451242636	3.70533253723233	0.000260233763851191	0.00547077270914912	0.219399210448305
SOX2	-0.206158202372119	6.74452538087376	-3.70519371727789	0.000260368817369576	0.00547077270914912	0.218929606064878
SSX2IP	0.214628545763177	6.16892273271697	3.70404976785561	0.000261484249177808	0.00547130251333921	0.21506041591706
OIP5	-0.248721523624823	3.88067919709738	-3.70295801113499	0.000262552991632445	0.00547130251333921	0.211368750547927
DIO2	0.204647322800893	4.90171816989293	3.69930927179468	0.000266154786580594	0.00552806550978314	0.199037943730811
BRIP1	-0.212049254798001	3.92001676836317	-3.69745572529885	0.00026800228528178	0.00554519232256691	0.192778088580644
ITGB1BP2	-0.242257569323559	4.03039855210247	-3.69623059086512	0.000269230053743566	0.00555998522416712	0.188642061571666
TOB1	-0.246825586430536	7.0592980879174	-3.69316751952842	0.000272322959670874	0.00561316640447076	0.178306547400046
APOC1	-0.267956025301607	6.94704405980444	-3.68899383536118	0.000276591252948253	0.00569032706729593	0.164235867386092
DNM1	0.325383090318195	8.28873846977121	3.68751677522048	0.000278116847748902	0.00571087663502575	0.159259676080646
MPPED2	0.244312307313391	5.53734574641135	3.68280168057421	0.000283040128697102	0.00579003976478109	0.143386496355179
IL3	-0.209686628436924	3.79320455786521	-3.67785760375325	0.000288290669063762	0.00588539488326128	0.126761922492007
GARS	0.206820928109052	7.33695178114819	3.67534649752189	0.000290992451141322	0.00591921229882591	0.118325902544733
WDR47	0.214020370858028	6.97836005711608	3.66634889054094	0.000300870488637827	0.00609726698656322	0.0881408347063513
MICAL2	0.258399729433572	6.45209247573389	3.66472697422505	0.000302684385707151	0.00611118083768516	0.0827066780624772
PHYHIP	0.309071880268646	7.39237948687079	3.6634690869966	0.000304098253139133	0.00612831461065889	0.078493663209505
SLC34A2	-0.284143783571191	4.21845415249919	-3.66250866502301	0.000305181955387377	0.0061309936339867	0.0752778123078643
VIM	-0.304247932184491	7.84486229010504	-3.65789144070355	0.000310442827749913	0.00618717121041279	0.0598281411787243
SYP	0.336497219191918	7.3978701530926	3.65287767280159	0.000316252209052	0.00629138798264547	0.0430713245207475
GUCY1B3	0.228526374891155	6.74339811508936	3.64908220107027	0.000320717892420899	0.00633698016382569	0.0303999139864883
PEG3	0.206155179601875	7.84087530756018	3.64845087474635	0.000321466435169169	0.00633698016382569	0.0282933356370059
RGS17	0.230720176041112	5.90749121841506	3.6461297272273	0.000324232710128703	0.00637991114921125	0.0205510480020381
DLGAP2	0.22713095606022	5.97133534757275	3.64542392276676	0.00032507830097348	0.00638496184629433	0.0181976804698492
PDE1B	0.263724544146316	5.36213177158922	3.64432356793201	0.000326400726949248	0.00639934300467224	0.0145295743858789
GLRX	0.294480185989586	6.59941601791433	3.64063511377932	0.00033087061664623	0.00645197702460148	0.00224109232817238
CCR4	0.241592239692119	3.89229732360607	3.63946232949899	0.000332303899164262	0.00646829241425301	-0.0016638321943665
TNFRSF11B	-0.242464214545539	4.61081196316673	-3.63890852622673	0.000332982742724846	0.00646989049573974	-0.00350739467571426
CLSTN3	0.228652908884186	5.67528031355675	3.63830318681595	0.000333726251738024	0.0064727370685933	-0.00552222929172963
SUSD4	0.245545661505527	6.10859134850475	3.63652488857325	0.000335919498341543	0.00650080573150403	-0.0114394496907559
CRLF1	-0.295166686595027	5.60406103292364	-3.63567521279705	0.00033697222109438	0.00650080573150403	-0.0142657998703868
EFHD1	-0.229175639226637	8.41145385268526	-3.62397453731339	0.000351788476039379	0.00671494834017419	-0.0531266392667176
BRDT	0.224942351824326	3.87361045635443	3.62265797804615	0.000353493441990105	0.0067203928576856	-0.0574922378304485
NELL2	0.385998752437169	8.26113952586174	3.62231932993831	0.000353933252327843	0.0067203928576856	-0.0586149364391417
PMP2	-0.230704581045023	8.93120015279821	-3.61749841719858	0.000360250384572338	0.00680379471474282	-0.0745872071828497
PREPL	0.25543229758523	7.80311946528123	3.61705567781322	0.000360835820049541	0.00680379471474282	-0.0760531012625778
NUDT11	0.306066053118943	6.35926714649367	3.61643806085151	0.000361653991822744	0.00680738295024686	-0.078097740135604
KCNV1	0.233360668124534	5.35435844206576	3.61349862530784	0.000365571905411103	0.0068573193745107	-0.0878245390252266
SLC17A6	0.416022736411776	5.4775827117871	3.60421689624054	0.000378207015499223	0.0070820733368611	-0.118491897474311
GNG4	0.210588939065379	5.37842037472221	3.60287470304444	0.000380067756135825	0.00710464588280107	-0.122920727585015
GOT2	0.207835771842254	7.28812713766264	3.58979339987177	0.000398659265279149	0.00740113656533653	-0.166007566449692
OXR1	0.218715616056871	6.93983118439234	3.5880860228342	0.0004011479589568	0.00743460883933269	-0.171620903099882
SLITRK3	0.266939278988008	6.35021179970161	3.57839843590975	0.000415547418223586	0.00764946940514575	-0.203425351648998
HSPA1A	-0.403106187047223	8.97210734389153	-3.57745573040692	0.000416974272827402	0.00765168818711807	-0.206516141374737
SYT1	0.409233467154441	7.68970093149348	3.57397559570975	0.000422281676072398	0.00772070477567781	-0.217919907728908
ZBTB20	-0.20453764967369	7.3891434497814	-3.56936575766185	0.000429409691000077	0.00783781122865796	-0.233010154615896
GRK1	-0.208016052743948	4.23074573918405	-3.56331889043941	0.000438931165307739	0.00797134287146819	-0.252777961872207
BCAR3	-0.223491480507161	5.65110826704446	-3.55552717779351	0.000451492578604563	0.00811788148794473	-0.278205413898633
NPTX2	0.368986185534677	7.30259154391376	3.553365712022	0.000455036529713366	0.00816805638270251	-0.285250266553483
INSIG2	0.212523837564748	6.49182281936454	3.55139420543683	0.000458291780919794	0.00821289171691306	-0.291672626296642
CDK5	0.33374922024876	6.17983736064015	3.54872901678566	0.000462727166586351	0.00827869297051025	-0.300349620728303
ACTL6B	0.258642187047502	5.56117348586712	3.545655811694	0.000467891579489396	0.00835729901947945	-0.310347709726309
CDH18	0.26905231227659	5.83361517532106	3.53913536387323	0.000479028642479847	0.00850021037932324	-0.331534932128021
GRM1	0.254536222842922	5.46866587240186	3.53657560218844	0.000483468384375982	0.00855918588651581	-0.339842900103458
RTN1	0.204312986740772	8.31701901599947	3.53631009296774	0.000483931096516712	0.00855918588651581	-0.340704327624293
GRIK1	0.200728557797879	5.41025173826465	3.53273874722687	0.000490195525018282	0.00861377614626938	-0.352285668596878
PAK3	0.207366141921128	6.88823985552195	3.53207874241748	0.000491361523747097	0.0086202939166117	-0.354424812014244
NUP93	0.22990233415384	6.17184165916067	3.53101255407808	0.00049325060548022	0.00863945567789425	-0.357879677616624
NFKBIA	-0.245662496330793	7.42715492560964	-3.52691960906857	0.000500565985723558	0.00873935010823642	-0.371133688467462
RASGRP1	0.273079970631011	6.44486086418893	3.52499874404984	0.000504034151180659	0.00877773756139706	-0.377349170089503
SRD5A1	0.205850734797458	5.61073813262589	3.52347118694146	0.000506808264611605	0.00879113200648457	-0.382289819276232
HAND2	0.201543810268733	4.25602282674498	3.5234044687145	0.000506929753723888	0.00879113200648457	-0.382505565172445
CCR9	-0.252719144987531	4.07099304249068	-3.52153926121679	0.000510337238785541	0.00882408836022019	-0.38853557337837
GIF	0.24248137658667	4.21760904997104	3.5211142257907	0.000511116721104804	0.00882408836022019	-0.389909263071868
POPDC3	0.228463219476578	6.01635346317629	3.5183164536359	0.000516275549470781	0.00888485636089239	-0.398947770371837
NELL1	0.276086568020629	5.66404536911092	3.51558286571868	0.000521363153879199	0.00894401790246563	-0.407772669043454
DLG4	0.217253885651852	6.9913783727413	3.51503193914348	0.000522394183648056	0.00894754777110936	-0.40955048812337
ABCA1	-0.228246242938338	6.20447054367998	-3.51134091304199	0.000529351205055775	0.00903326532299121	-0.421454809872404
PLEK2	0.249706680550418	4.29387934069748	3.51105261585261	0.000529898242521897	0.00903326532299121	-0.422384153085261
SLC5A2	-0.251853744695466	4.71440931795556	-3.50702981538856	0.000537586918084532	0.00908820414323543	-0.435344711681116
GRM8	0.227711863611367	4.78400432950888	3.50701465918313	0.000537616082487508	0.00908820414323543	-0.435393516230211
RPH3A	0.273647502610942	6.1502204390292	3.50577187357035	0.000540012571874928	0.00908820414323543	-0.439394767112931
HTN3	-0.269353571746879	3.5434505872673	-3.50073231435239	0.000549833458688621	0.0091712220909262	-0.455606932220453
FBXL2	0.233871597973035	6.41665206374947	3.48893970092231	0.000573472353872708	0.00947802936080472	-0.493461294433429
KCNB1	0.209034644424815	6.53111389406552	3.48504419839042	0.000581488016220854	0.00958129646180318	-0.505940543696751
RGR	-0.246681896896209	4.97815375110722	-3.48137534080021	0.000589133169924908	0.00967785125503916	-0.517682222596649
PSORS1C2	0.232319684936634	4.29184356947547	3.4590810314286	0.0006376514698245	0.0103494269997563	-0.588791793092883
DNALI1	-0.268964399289167	5.94854125984055	-3.45751353520741	0.000641199760100618	0.0103914615829759	-0.593775911745168
GDE1	0.202458805513074	6.81652489335085	3.45133829011776	0.000655359013113577	0.0106050782390708	-0.613391260334918
STK39	0.209876706153372	7.73934590691196	3.44404168843268	0.000672466341670446	0.0108656931093755	-0.636527641919765
IL19	-0.205436024608484	4.24962846949804	-3.43841223444316	0.000685949405360083	0.0110379018667525	-0.65434746703401
FGF13	0.240822453427424	6.65792595235427	3.43831753465806	0.000686178367293046	0.0110379018667525	-0.654647009900419
PVALB	0.445807793945521	4.4707466931152	3.43721804725402	0.000688841907450383	0.0110587320847039	-0.658124228113167
TUBB3	0.244130225928088	7.67829184376898	3.43694154105686	0.000689513271468349	0.0110587320847039	-0.658998542935652
CYP26B1	0.23956231940817	5.29623222963819	3.43607487581088	0.000691621522884116	0.0110761603413731	-0.661738532707068
ABI3BP	-0.228672754209856	5.27023879307233	-3.433590967292	0.000697697323754002	0.0111368806655277	-0.669588021300298
ARHGDIG	0.243056470847258	5.82018309040266	3.43326651215575	0.000698494636834427	0.0111368806655277	-0.670612963984931
SYT13	0.330805274273149	6.59943795978509	3.42640459502936	0.000715557877342701	0.0113130764140962	-0.692268973610737
SLC25A22	0.234184480248684	6.71925905734318	3.4245111913045	0.000720334257946803	0.0113515465474698	-0.698237589579253
PLOD2	-0.214127050670442	6.12417353485124	-3.42075667220934	0.000729893824464213	0.0114688533983203	-0.710064195078338
HTR1B	-0.215098588584736	4.48162539288788	-3.41763499040631	0.000737932223690905	0.0115490640499874	-0.719888431087367
SUCLA2	0.221757260502301	6.72685023212352	3.41753379311191	0.000738194188031846	0.0115490640499874	-0.72020677273431
TEKT2	-0.277161952964671	4.62672966598351	-3.41491221861437	0.000745010885728523	0.0116389164597531	-0.728450618845363
IFI16	-0.213776894667115	6.47083978841077	-3.41247098326324	0.000751411501862118	0.011722019429049	-0.736122209344096
ROGDI	0.245521735522684	6.88991893304935	3.40872907472071	0.000761322117508986	0.0118086615136372	-0.747871511412731
NEDD4L	0.21568486518648	6.49117334181345	3.40559034571022	0.000769729210399612	0.0119220058559323	-0.75771785882643
KRT2	-0.215934524190912	4.04655737535526	-3.40485462908502	0.000771712334304341	0.0119356706541051	-0.760024647590932
BAG3	-0.347270894894763	7.20743458070346	-3.40304268011466	0.000776616809164449	0.011994415163762	-0.76570396041119
AP2M1	0.20597846996052	7.53818364047659	3.39884018160006	0.000788104152920017	0.0121545166798845	-0.778865572447096
MTMR6	0.200017394444513	6.5039182969776	3.39233468783685	0.000806199954711224	0.0123632530537187	-0.799210715279338
TUBB2A	0.295143383736399	8.22692555705354	3.39071918355502	0.000810753409484344	0.0123805471346891	-0.804257523903658
SLC17A3	0.254415694139796	3.69497014154637	3.38698156436258	0.000821380434957703	0.0125075936458025	-0.815925416500742
ST6GALNAC5	0.285455964482515	6.1453145709152	3.38625932183287	0.000823448889587079	0.0125215047137491	-0.818178725847685
GRIA1	0.252815234050497	6.46732236981631	3.38513946923323	0.000826665688301006	0.0125528142752934	-0.82167166749376
EXO1	0.223256986375568	4.10788977768247	3.37953217197372	0.000842949889182918	0.0127287781316451	-0.839145650982848
TNS3	-0.239821333919924	7.18440930394281	-3.37776377756441	0.000848147264563177	0.0127894473468623	-0.844651027602009
PTPRN	0.250926345962334	6.57038409734438	3.37242954060735	0.000864006469344474	0.0129423806442462	-0.861241744355513
AACS	0.244316576076319	6.28291301788645	3.37220636104214	0.000864675995057992	0.0129423806442462	-0.861935365254642
AQP4	-0.326419615037932	7.58853877919963	-3.37146031131831	0.000866917615504954	0.0129464473654335	-0.864253714088322
MAGEA12	-0.234576244757627	4.14294401020688	-3.36960517693475	0.000872515171067022	0.0129848195012326	-0.870016521097747
GC	-0.204281629696262	3.59012399138669	-3.36181719301387	0.0008963839388834	0.0132949311427822	-0.894177719863032
NDN	0.205732165537286	7.21443121816946	3.3613448219398	0.000897851079346949	0.0132984991834421	-0.895641553733707
KERA	-0.244649645143737	3.90217523434706	-3.35899009745509	0.000905198093620288	0.0133890282824436	-0.902935834129185
SYT5	0.227905129018636	5.5082389060113	3.3583837656671	0.000907098973915805	0.0133959842958431	-0.904813328276991
CHRNA9	0.209504097480407	3.9743735306365	3.358052366268	0.000908139499856544	0.0133959842958431	-0.905839369515482
ARHGEF3	0.230640875071471	7.44966617224777	3.35618859136544	0.000914012127385436	0.013464292778686	-0.911608062247937
SV2B	0.336266560604287	7.20695900341841	3.35553312022665	0.000916085873774917	0.0134765305881515	-0.913636161683299
NUAK1	0.210380174610615	7.79252008502013	3.35498968431429	0.000917808493684349	0.0134835768137205	-0.915317338591631
LGALS14	0.231389422569705	4.08183319326157	3.35433677738581	0.000919882115616764	0.0134887348314031	-0.917336848114723
PHGDH	-0.216187007834623	7.42365707778148	-3.35409602896959	0.000920647830219358	0.0134887348314031	-0.918081417936385
PCSK1	0.344101317453185	5.31847069013446	3.35123329101816	0.000929798592510582	0.0136044215114706	-0.926931365942027
PRSS3	0.235424648313119	5.41815155128063	3.35065792989232	0.000931647940383287	0.0136131091234981	-0.928709223428196
MT2A	-0.209086602005459	9.38529346975289	-3.34921993811446	0.000936284991924771	0.013634121248733	-0.933151382170001
CHGA	0.299840124282556	6.59923953820203	3.34620286450665	0.000946084062568904	0.013749924137228	-0.942465905654447
PDE6A	-0.218213579802739	4.09866056859172	-3.34506767276421	0.000949795702938025	0.0137753370012803	-0.945968571551964
SCAMP5	0.228212549026481	6.60241858277168	3.34489125472224	0.00095037373888191	0.0137753370012803	-0.946512817221997
ZNF157	-0.244104797114259	4.47057936025744	-3.34053435674199	0.000964753613342108	0.0138754136295523	-0.959945456234909
SLIT3	0.201652661056022	5.36037682236087	3.34048077205981	0.000964931724106738	0.0138754136295523	-0.960110562537024
KCNF1	0.201014023482727	6.46647788295958	3.33959606789541	0.000967876835063386	0.0138754136295523	-0.962836183856621
S100A10	-0.259198508287581	7.10271323196565	-3.33932041437748	0.000968796173913588	0.0138754136295523	-0.963685290583704
SDC4	-0.253552677676794	7.23481467872124	-3.33644993690607	0.000978418041306096	0.0139762956572341	-0.972523545625142
RAB3A	0.201559196057404	6.75971840279177	3.33153110736535	0.000995113258878615	0.0141774217513298	-0.987652618915032
KRT33A	-0.20005649309196	4.29584435959879	-3.32909805420797	0.00100346912293192	0.0142589937494468	-0.995128556719632
MYT1L	0.270861457712975	6.23419609889793	3.32444918547764	0.00101961678516057	0.0143900257834093	-1.00939909535913
PPP3CA	0.203204332948236	7.83214995315072	3.32441538867686	0.00101973505794525	0.0143900257834093	-1.00950277417405
RAPGEFL1	0.204819162393635	6.6199987816793	3.31507917559347	0.00105290102387056	0.0146956702374497	-1.0381067799287
CA11	0.240652544294651	7.3725909445468	3.31500288003982	0.00105317614596001	0.0146956702374497	-1.03834022977752
CDCA8	-0.223336682837049	4.1571292769526	-3.31355520364566	0.00105840917046387	0.0147307730759554	-1.04276891502629
CTSH	-0.294524093553586	6.88881269954041	-3.30746548567904	0.00108068826008124	0.0149831484856788	-1.06137906302486
NME1	0.256407435483701	6.35863978695905	3.30598029024757	0.00108618761348479	0.0150401610541534	-1.06591307590054
HOOK1	0.215125817874936	5.68408834929284	3.30442716553623	0.0010919663389398	0.0151008916413077	-1.07065247622641
GBP2	-0.325637020243852	6.00393964223914	-3.3018167349444	0.00110174347645895	0.0151890846218747	-1.07861369464259
PECAM1	-0.214087604543068	5.94800987313961	-3.30130590829098	0.00110366623523169	0.0151890846218747	-1.08017092781856
HLA-DRA	-0.398893997235767	7.18411650695192	-3.29522580488971	0.00112679279883118	0.0153862563286243	-1.09868897603105
TCP10	-0.225459612655628	4.33203467813092	-3.29077737321144	0.00114399770669104	0.0156015385357789	-1.11221773261921
CLIC1	-0.250514158098539	6.41487305556201	-3.28518267525445	0.00116598278714657	0.0158217589214557	-1.12920886738766
HPCA	0.34748675271703	7.71905435604311	3.28436764069034	0.00116921815502532	0.0158458290459806	-1.13168192906278
SLC7A2	-0.208970842294801	5.13978920689497	-3.27843117652745	0.00119303657172112	0.0161082223046083	-1.14967804641769
HSPB6	-0.219577479968611	6.13126805314259	-3.27726362332563	0.00119777380723133	0.0161320044944126	-1.1532139293971
XK	0.202267575544459	6.10630042954977	3.27554833836076	0.00120476512831232	0.0162060341453625	-1.15840650612951
PDE6C	-0.229786602661479	3.69491164921825	-3.27358391740705	0.00121281848048229	0.0162794096209268	-1.16435022492548
KCND2	0.238674334977935	5.91251830712473	3.26787311617037	0.00123651551082736	0.016518153702144	-1.18161079868554
CAP2	0.317993833517481	8.2245270375464	3.26783337448439	0.00123668191632008	0.016518153702144	-1.18173081914679
PTTG2	0.254663888063493	4.42488084983149	3.26441501069438	0.00125107332259225	0.0166635589232741	-1.19204933216074
CFI	-0.271665598692685	4.98900775530518	-3.25498480520584	0.00129158529577334	0.0170981291535709	-1.22046369700383
FMO2	-0.208415465347802	4.64536664372748	-3.24642810411076	0.00132939552325841	0.0174918765329704	-1.24618099637191
MYBPC2	-0.212099191891462	3.97734318015606	-3.24480298422549	0.00133669167274462	0.0175452919078658	-1.25105831819775
AKR1C3	-0.321659479307275	6.09929664823726	-3.2439607350538	0.00134048764693019	0.0175590708107743	-1.25358520304954
TMEM123	-0.21378859193327	7.32594743534841	-3.24188631862938	0.00134987964551093	0.0176269066188348	-1.25980622937458
FOXC1	-0.220539605811283	6.40643223302145	-3.2405267307939	0.00135606832140155	0.0176500513092864	-1.26388155934236
GPR22	0.257685248690021	5.44435674543719	3.23996502607515	0.00135863280977559	0.0176622265270827	-1.26556479801463
SEMA5A	0.258274013932346	5.94538779232409	3.23702509079668	0.00137212879537443	0.0177950004778105	-1.27437042828722
EPYC	-0.241294850943707	3.90981026572568	-3.23356774717486	0.00138815910451193	0.0179420125847925	-1.28471642107665
GRPR	0.22946309176807	4.28178772610113	3.23315509159707	0.00139008398554009	0.0179420125847925	-1.28595060349364
CARTPT	0.292929454820396	5.83392668786245	3.2313972851509	0.00139831125538284	0.0180053332908085	-1.29120628616356
CLPS	0.211877897318194	4.54326173392825	3.22973803661558	0.00140611865443904	0.0180754168138758	-1.29616488715432
EGR1	0.244730328431706	6.45002256166738	3.22953255333302	0.00140708834079608	0.0180754168138758	-1.296778803735
SLC22A11	0.206613339756066	4.1634618352126	3.22713253140545	0.00141846019523551	0.0181784225020608	-1.30394663100673
CDX4	-0.208778133273128	4.07581098175762	-3.22479266400067	0.0014296290351273	0.0182852856473173	-1.31093010170082
SEPP1	-0.24229913294317	7.06972625817	-3.22350061594582	0.00143583123844699	0.0182980498150847	-1.31478430506662
CNTNAP2	0.250069076712379	6.97414580981002	3.22269516321457	0.0014397102602389	0.0183208200017725	-1.3171862692311
SLC8A2	0.251209752699932	6.84524761472638	3.22175830880907	0.00144423433061893	0.0183568447978552	-1.31997939804338
TTC18	-0.206383571009689	5.13587673681031	-3.21203597339009	0.00149196802841488	0.0188664339947248	-1.34892152026543
TNC	-0.292934496962675	5.60182671757781	-3.21182354034464	0.00149302715066168	0.0188664339947248	-1.34955301025806
MYH1	-0.225602229786693	3.8979042553469	-3.20735895070138	0.00151544801036395	0.0190801758072956	-1.36281582883482
DDX1	0.203854099920338	7.53035813186281	3.19179393628582	0.00159607744664051	0.0199362576917931	-1.40892194109327
MAGED1	0.207493700659632	7.13204431616563	3.18982325979591	0.00160656455729686	0.0200441575721663	-1.41474472244053
MT1F	-0.272907013549654	8.33676805124325	-3.18006524408035	0.00165943922123972	0.0205618743276355	-1.44352818150294
RIMBP2	0.242478635123898	6.03508918005125	3.17816140690375	0.0016699413032357	0.0206683831160748	-1.44913453251277
HEY2	-0.204967772832229	6.05286424811359	-3.17590976357875	0.00168244136751616	0.02076441284567	-1.45576110893781
RARRES2	-0.314251583971229	6.16243281496435	-3.17538609043535	0.00168536093932758	0.02076441284567	-1.4573016581708
APOBEC3A	-0.217084328592073	4.17042698385747	-3.17234512477513	0.00170240774062177	0.0208323981081504	-1.46624300092279
ATP13A2	0.215269772976858	6.63133644354186	3.1711262685211	0.00170928498789896	0.0208796719341511	-1.46982459021797
GNGT1	-0.271967534612987	3.80433332764094	-3.16782200508299	0.00172805840556266	0.0210276197902473	-1.47952775095218
BPESC1	-0.235218047346224	3.90956040414247	-3.16565809427708	0.00174045599921415	0.0211547353626456	-1.48587716110436
OCRL	0.204885838343682	5.99099723162434	3.15810163560037	0.00178439706224902	0.0215939947102995	-1.50801825121424
OR5I1	0.236078662978953	4.10887525460279	3.15531289226174	0.00180087124282989	0.0216944955719574	-1.51617722056032
CALB2	0.231071513786809	6.04171963863914	3.15476017436858	0.00180415301294463	0.0217099078427809	-1.51779350871899
C8A	-0.200716858399285	4.16319456169669	-3.15362304676554	0.0018109221212412	0.0217190460602844	-1.52111794078711
GCM1	0.216360417191618	3.95044460309716	3.15217476185411	0.00181957748974519	0.0217746789666858	-1.52535045560184
BGN	-0.200375443970492	7.08598863729296	-3.14888189504504	0.00183939913330961	0.0219876134546227	-1.53496697909458
ATP2B1	0.214441846969772	7.36529480711268	3.14504357945972	0.00186275599267818	0.0221447373603255	-1.54616476248347
TRIP10	-0.284400465148613	5.14848029367296	-3.13430627504267	0.00192955822575318	0.0227641678820631	-1.57742266037879
MYOC	0.210819840987641	4.29188810363074	3.1256712055197	0.00198487946873167	0.0232147391585639	-1.60248921306915
ATXN3L	-0.204090587044158	3.53631119400289	-3.12449598152166	0.00199252084920437	0.0232539408472269	-1.60589581951289
PCTP	-0.256376517342562	4.82870542028083	-3.12295056212342	0.00200261061062167	0.0233378481017056	-1.61037370980297
NMB	-0.239644465568243	5.76837561093239	-3.12246818334031	0.00200576962094889	0.0233378481017056	-1.61177099602387
SCIN	-0.259689931329837	5.61942948942426	-3.12037751752555	0.00201951426151161	0.0234500644504095	-1.61782464007116
IGLL1	-0.229751559458892	4.71800232386446	-3.11948007189798	0.00202544095885165	0.0234864501346199	-1.62042209962788
PIK3C2G	0.217586167762967	3.83237612819784	3.11540625667647	0.00205254668906183	0.0237231108873682	-1.63220420610731
TBPL1	0.205113078538099	6.96438917096821	3.11509929985403	0.00205460257546935	0.0237231108873682	-1.6330913979452
MT1H	-0.22526544946088	7.1619569204754	-3.11270635489164	0.00207069493920635	0.0238581025832893	-1.64000492116548
EPHA4	0.25807403297459	6.17119646574468	3.10849029102111	0.00209933093589494	0.0241367401982745	-1.65217374899041
TFF3	0.20788800267407	4.52573982237457	3.09972970002144	0.00216000591546995	0.0246443231483719	-1.6774108025787
DDX25	0.232095931252076	5.77533768980781	3.09808096196303	0.00217160419191272	0.0246761442366617	-1.6821530545667
CCDC81	-0.27717610037239	4.51337242910322	-3.09049731914289	0.00222569569788968	0.0251102942315504	-1.70393584020598
SMR3B	0.206341008214324	3.87026957608622	3.08834009997701	0.00224130777711041	0.0251907269884841	-1.71012310098375
DIRAS2	0.319643937197452	7.09006778837274	3.08553641782305	0.00226174925955177	0.0253206236819259	-1.71815856403637
CDH13	0.277917580171146	5.46607604435195	3.06867240738506	0.00238837248404718	0.0264231984408566	-1.76634926728086
TMEM160	0.238243667254761	6.39825786302915	3.06481235353297	0.00241825925992733	0.0266180374580021	-1.77734546127889
ST6GALNAC2	-0.272877834744632	5.2343922243865	-3.06146221862875	0.00244447668164579	0.0268793267570017	-1.78687867189774
S100A4	-0.324654163090285	5.17030443400723	-3.0569358228464	0.00248031497278364	0.027108442474718	-1.79974376417976
GPNMB	-0.244769499533209	5.95310136898502	-3.05387942476718	0.00250478724184394	0.0273208282455453	-1.80842081875783
PPP1R13L	-0.282400239475448	5.40983610385463	-3.05026106012723	0.00253404630196136	0.0275352781669268	-1.81868290844612
SCG2	0.26224736881663	7.16972471572914	3.04902440204917	0.00254411814104737	0.0276109398250606	-1.82218762986121
PTPN3	0.23574637870149	5.06757191870501	3.04771686975976	0.00255480725842052	0.0276992202957953	-1.82589178083188
CRTAM	-0.220755325468593	3.94672953407234	-3.04461765522042	0.00258030868201906	0.0279198669964578	-1.83466577604847
HMBOX1	-0.200102844949512	6.23094035736213	-3.04354088406499	0.00258922340224735	0.0279883949423387	-1.83771222325525
AGT	-0.220465898652817	8.14112162308307	-3.03232172755012	0.00268380829060869	0.0288375619251866	-1.86939461050052
DYNC1I1	0.234178599692657	7.07142998211442	3.03030813057694	0.00270111677809175	0.0289096822389642	-1.87506945234171
CHST1	0.205920681670937	6.78570957095067	3.02967929679989	0.00270654310137956	0.028939191622443	-1.87684095487449
SERPINB4	-0.20484645596897	3.53089781771969	-3.02278841986296	0.00276666582471823	0.0292645764600927	-1.8962310997159
TSSC1	0.224510416976222	5.78324643640045	3.01402906457882	0.00284486228414843	0.0299747297227767	-1.92081988951809
CNR1	0.263519261070863	5.79329765798431	3.01162227642105	0.00286670090511096	0.0300878714551917	-1.92756451575087
SELP	-0.212260733141207	4.12857616344728	-3.00382897077385	0.00293847627414362	0.0306041880540491	-1.94936969950807
MS4A6A	-0.247985426974295	5.5426441225847	-3.00234993460686	0.00295228288300006	0.0306889501209699	-1.95350203690614
HCRTR2	0.227652196195255	4.32300578640229	3.00204824362258	0.00295510643112826	0.0306889501209699	-1.95434471151513
ANG	-0.256185787555032	5.01390435228908	-2.99948030883533	0.00297924046355253	0.0308509313331772	-1.96151421465577
TAS2R7	-0.201789030666677	3.99946108671848	-2.99810962760826	0.00299219636450533	0.0309260180972038	-1.96533873650342
EFCAB1	-0.258301485436449	5.1308117617629	-2.98851668062628	0.00308432767847203	0.0316499150478066	-1.99205991904716
OGDHL	0.28103328900897	6.185369178805	2.98761856263815	0.00309308515719705	0.0316499150478066	-1.99455756203245
GABRD	0.237538441632661	5.04783607208494	2.98618126875218	0.00310714756997504	0.0317488088036344	-1.99855318986776
DCLK1	0.224341052932315	7.29328465381615	2.98485077757276	0.00312021727495622	0.0317945448261986	-2.00225031955802
PCP4	0.32096337377187	7.27699056966541	2.97905041202313	0.00317778668189303	0.0322598906414646	-2.01835033888123
SELENBP1	-0.265172463081851	5.95125836968256	-2.97757031572415	0.00319263199098414	0.0323802769375585	-2.02245397261163
SEC14L5	0.212662034260125	6.48313057966723	2.97613040589488	0.00320713522479388	0.0324714626053326	-2.02644437066686
MC5R	-0.2132220863034	4.20047998516352	-2.97447406278511	0.0032238931328907	0.0326058296145531	-2.03103235028785
MID1IP1	-0.222590118511682	7.52623472439258	-2.97356561257056	0.00323311834902701	0.0326686571669626	-2.03354770053337
USP39	-0.213730642040508	5.70755795213935	-2.96846328881992	0.00328538304941154	0.0330199109868594	-2.04766194348998
CEBPD	-0.247051830649343	6.95472476859405	-2.96096215546215	0.00336362638270659	0.033514575572908	-2.0683709823558
SPAG6	-0.293722060403999	4.83820910304727	-2.96027729761097	0.0033708544236126	0.0335291776704659	-2.07025930453238
F5	-0.260348680201033	5.102190895231	-2.95877321642715	0.00338677857204343	0.0335951082141765	-2.07440500314729
TMEM14A	0.214872007850559	7.09452971885433	2.95302054552017	0.00344832160437742	0.0340188378841311	-2.09024302240205
TPST1	-0.240551682410102	6.09211270390539	-2.94883419251208	0.00349374984525533	0.034373172252503	-2.10175070721321
LECT2	0.202222489031592	3.86877886335559	2.93625126538083	0.00363361189843516	0.0355235529331235	-2.13624797862904
TNMD	-0.203404093091773	3.8732457903096	-2.93522268861102	0.00364526827239152	0.0356054041524945	-2.1390618513839
ERMAP	-0.23867143669422	5.03937128113667	-2.93449896437849	0.00365349038887509	0.035653593875953	-2.14104119073225
RPP40	0.226078312857843	5.31683796441383	2.93228235785271	0.00367877857291082	0.0358572429099464	-2.14710064195264
AP3B2	0.218595333893227	6.24965542844913	2.93162081773733	0.00368635672506217	0.0358774502810808	-2.14890824300712
TRIP6	-0.258556317873257	6.2297391297304	-2.9231756456198	0.00378436153231141	0.0366012914659414	-2.17195059174935
VIP	0.297030806090726	5.22227558775938	2.91867783030192	0.00383752470707582	0.0368851443919468	-2.18419746485411
STAT4	0.268738157180865	4.97398866022552	2.91577069244795	0.00387224871268262	0.0371009038623675	-2.19210382065578
WDR46	-0.211460169232846	5.29132008321929	-2.91277863069987	0.00390828672646095	0.0373665297074865	-2.20023347652561
FKBP5	-0.219013378011772	6.35495263918931	-2.9047523770799	0.00400647817825543	0.0380249912486701	-2.22200300693151
ZIC3	-0.239616705764159	4.60393388435268	-2.90141851367264	0.00404792225669849	0.0382967986214559	-2.23102896106576
CCL16	0.209570743998977	4.18527747095034	2.90141439215994	0.00404797373364586	0.0382967986214559	-2.231040113489
CRISP2	0.231002755569172	3.93582739795877	2.90084887551937	0.00405504260512202	0.0383302283563496	-2.23257020800464
CPVL	-0.259686598832182	5.44052763636352	-2.90015024273223	0.00406379097212204	0.0383794614283512	-2.23446008547073
VSIG4	-0.329434593105022	6.13190580504944	-2.89809174193774	0.00408966807231819	0.0384738941955656	-2.24002608683684
HOMER1	0.215654851459823	6.40354448824712	2.89794385408149	0.00409153292819472	0.0384738941955656	-2.2404258205083
SLC1A6	0.206016005664387	5.04508697611212	2.89592133170219	0.00411711483294049	0.0386722611842567	-2.2458906919164
MAST1	0.227627671723731	5.80491557102399	2.89149074407984	0.00417366623487791	0.0391105352796425	-2.25784974501347
PDYN	0.457358079676871	5.98512000190954	2.89105880357888	0.00417921722001935	0.0391242967824421	-2.25901472664708
NRGN	0.278600754329002	7.88622184977895	2.87129565727212	0.00444052173121794	0.0409388916750552	-2.31214403307536
CDH12	0.258869041847582	5.33117786543031	2.86723681271887	0.0044959968938154	0.0413098290870734	-2.32301334239163
PDK4	-0.258440420218183	6.49021642783173	-2.8598506743517	0.00459857195582881	0.0420031315459949	-2.3427560913169
LRMP	0.220963295630949	5.20241249282282	2.85486866941534	0.00466895891395322	0.0424671581754034	-2.35604586749843
SNCB	0.331632638164787	6.21278988487629	2.8511194046588	0.00472257502476557	0.0427396981790553	-2.36603296832512
SST	0.326703833420022	6.19936544692998	2.84149387763089	0.00486280146420085	0.0435723086569137	-2.39161680573797
CCR7	0.208764401751848	4.30975601247417	2.83342017588059	0.00498333163543244	0.0443307933666426	-2.41301366337326
DMRT1	-0.203762416851263	4.21138965763737	-2.83335935279303	0.00498424987215803	0.0443307933666426	-2.4131746402155
RARRES3	-0.235560753450584	6.73801143442573	-2.81938973214846	0.0051992706611981	0.0457562882049172	-2.45006159022025
SYN3	0.223288850503508	5.21198572275646	2.81908743635482	0.00520401542919239	0.0457598826304168	-2.45085792073446
SPTBN2	0.23137636718616	5.87190156508455	2.81730374429035	0.00523209208215639	0.0459694832696431	-2.45555503131061
IFITM2	-0.230238820408166	7.96698722841576	-2.80810125462357	0.005379145679768	0.0468815895981066	-2.47974433316378
GPC4	-0.213721965133821	5.32957675367603	-2.80757567830947	0.00538765652776583	0.0469180498586644	-2.4811236062897
ZNF217	-0.207783304777161	5.20468951930774	-2.80569636172166	0.00541818914434654	0.0471278526617669	-2.48605353113419
MT1X	-0.206429194198842	8.55060280901104	-2.80378824121969	0.00544935044133903	0.0471899820167713	-2.4910558541526
MSX1	-0.22469332727898	6.31389396768343	-2.79906376095866	0.00552720698652673	0.0475603001173991	-2.50342782527069
NEFM	0.304118898894986	7.31615721825012	2.78873142969997	0.00570100818611604	0.0487179374708731	-2.530416941592
